3 2
1 2
3 4
5 6

2 3
-1 -2 -3
4 5 6

//////////////////
3 2
1 2
3 4
5 6

2 3
1 2 3
4 5 6

Jāiznāk:
(9 | 12 | 15
19 | 26 | 33
29 | 40 | 51)

6*6+5*3 = 36+15 = 51

Citi testi:
{{1,2},{3,4},{5,6},{7,8}}
{{9,10},{11,12}}
MATR:
4 2
1 2
3 4
5 6
7 8

2 2
9 10
11 12
REZ:
(31 | 34
71 | 78
111 | 122
151 | 166)

{{1,2},{3,4}}
{{5,6,7},{8,9,10}}
MATR:
2 2
1 2
3 4

2 3
5 6 7
8 9 10
REZ:
(21 | 24 | 27
47 | 54 | 61)

{{1,2},{3,4},{5,6}}
{{7,8,9},{10,11,12}}
MATR:
3 2
1 2
3 4
5 6

2 3
7 8 9
10 11 12

REZ:
(27 | 30 | 33
61 | 68 | 75
95 | 106 | 117)

